78
29
30
91
14
43
28
12
25
74
10
75
99
6
85
73
28
20
29
2
91
43
81
21
72
50
25
58
24
18
86
71
78
74
13
84
14
81
14
34
49
57
52
99
80
30
50
60
23
57
78
39
99
83
90
12
52
38
76
96
85
0
67
6
17
27
64
90
38
97
23
0
94
24
78
37
10
41
93
68
72
47
60
88
5
88
93
18
51
80
95
35
49
74
67
72
1
80
15
87
23
34
29
18
24
7
1
46
62
60
84
49
44
19
68
13
38
96
66
9
77
86
99
27
77
5
74
58
85
43
4
76
17
26
86
36
7
79
52
9
64
13
40
20
49
60
25
45
77
0
29
15
47
65
62
47
77
25
96
2
8
59
61
8
23
91
27
82
76
31
4
59
82
5
20
99
80
34
3
1
63
8
46
71
3
79
43
72
8
10
57
38
76
13
17
77
70
27
60
57
89
7
23
96
31
8
14
72
9
70
62
44
52
59
80
13
42
71
38
89
27
48
40
88
96
79
13
84
13
12
85
87
3
96
55
55
21
2
28
14
52
47
7
63
59
35
32
13
36
90
3
99
85
67
46
10
7
12
80
64
29
11
65
6
62
2
63
33
48
59
43
77
89
34
72
54
56
7
54
64
86
55
71
98
63
51
7
43
75
29
22
86
13
48
82
53
23
31
56
50
62
43
7
49
73
82
28
48
92
35
85
56
38
38
81
98
24
20
59
72
75
41
59
70
34
12
73
72
12
6
44
77
68
33
31
22
58
71
4
10
71
58
63
67
30
52
38
86
1
9
13
15
87
61
79
72
51
60
5
51
75
56
9
91
84
47
9
21
49
74
90
32
68
37
66
20
52
56
20
75
34
40
34
49
87
60
11
31
69
35
53
67
46
75
43
55
6
31
99
60
63
98
5
34
88
81
67
63
30
63
33
80
57
99
94
11
90
26
78
47
64
24
84
90
59
51
84
31
33
30
94
9
46
4
41
75
10
76
81
80
66
64
25
94
93
67
45
8
54
0
49
18
11
47
23
18
32
74
54
41
66
41
41
7
68
71
31
67
95
99
22
59
90
56
94
37
32
53
95
88
14
54
11
94
6
31
6
34
59
63
68
33
44
6
38
82
15
7
77
40
2
46
48
45
20
94
22
4
66
67
95
55
98
70
48
4
58
58
69
98
94
67
11
60
72
58
43
38
21
89
22
72
32
81
16
45
2
30
76
48
80
6
18
41
66
54
16
3
75
10
87
94
7
40
14
74
29
81
17
95
80
20
71
67
36
0
26
34
35
93
0
41
70
42
20
79
18
98
47
28
56
28
26
79
5
38
25
55
64
31
68
18
58
25
98
43
39
22
34
94
74
94
87
82
83
47
77
23
2
16
54
35
49
17
64
91
83
79
16
18
80
76
27
30
37
27
70
70
32
41
95
20
61
77
8
88
44
28
56
35
18
55
40
35
96
75
13
80
71
54
31
24
2
43
84
75
7
94
47
72
32
60
70
97
71
55
47
71
80
23
22
6
23
52
26
73
90
15
79
21
0
72
27
96
30
94
5
61
30
27
1
83
62
30
19
95
24
60
48
54
0
75
64
0
47
29
82
56
53
5
44
66
58
15
51
36
34
83
99
0
12
58
1
45
91
76
18
48
79
70
48
70
67
27
71
77
7
50
26
58
45
48
5
27
33
83
72
13
29
72
22
80
12
53
38
86
95
71
99
86
90
23
18
55
70
56
70
90
63
26
18
37
33
50
42
48
28
91
72
10
37
63
41
46
66
74
1
32
93
1
9
3
32
63
79
20
4
19
59
73
87
61
80
73
30
6
15
2
25
67
25
97
87
29
21
40
41
73
36
32
90
35
57
38
1
77
29
70
30
38
67
32
88
56
10
84
23
23
20
23
7
40
19
63
2
46
78
60
95
21
85
97
85
73
27
36
37
53
70
89
99
94
46
50
16
22
27
91
13
47
8
37
46
29
8
67
66
83
96
93
87
70
28
81
66
11
19
63
8
4
53
96
20
63
40
67
48
67
43
17
4
76
68
99
94
30
22
98
92
9
79
47
33
29
3
77
94
77
64
68
78
37
95
52
28
25
41
3
1
4
83
96
63
7
68
41
23
60
44
32
4
23
2
62
41
29
20
65
85
74
19
92
79
45
38
81
44
40
76
91
9
13
78
53
2
76
63
91
49
26
10
85
21
84
94
79
35
70
58
12
74
76
28
62
71
99
76
6
44
7
26
97
6
32
48
52
10
3
71
74
